0,\N
0,
4,"7300-569
18,0
2,0000AA
2,01-780
4,01002
4,01005
2,01011
2,01028
2,01036
4,01040
2,01053
6,01060
4,01073
8,01082
2,01085
2,01106
2,01201
4,01230
6,01240
2,01247
2,01254
2,01257
2,01258
4,01266
2,01267
2,01330
4,01342
2,01355
2,01432
2,01440
2,01450
2,01462
2,01463
2,01473
2,01519
2,01521
2,01534
2,01540
2,01550
2,01562
2,01569
2,01581
2,01605
4,01701
2,01702
2,01719
2,01721
6,01742
6,01748
4,01749
2,01752
2,01757
4,01760
4,01770
4,01773
6,01775
2,01776
2,01778
6,01801
4,01803
2,01810
2,01821
2,01824
4,01827
2,01830
4,01852
2,01867
4,01876
6,01880
2,01886
2,01888
4,01890
2,01902
2,01915
2,01922
4,01923
2,01930
2,01938
4,01940
4,01944
4,01945
2,01950
2,01951
2,01966
6,01970
4,01982
2,01985
2,02-807
4,02025
2,02026
2,02030
4,02038
2,02040
4,02043
2,02045
8,02050
2,02051
2,02056
2,02061
6,02066
2,02067
6,02081
2,02090
4,02109
4,02110
2,02111
4,02114
4,02115
10,02116
6,02118
2,02120
2,02121
2,02124
2,02125
16,02127
2,02128
12,02129
10,02130
6,02131
2,02132
4,02134
10,02135
6,02138
4,02139
2,02140
2,02141
10,02143
6,02144
6,02145
2,02148
2,02152
4,02155
2,02169
4,02171
2,02176
2,02180
2,02184
2,02186
2,02188
2,02190
2,02215
2,02324
2,02331
4,02332
2,02351
2,02356
2,02359
6,02360
2,02364
2,02367
2,02420
4,02421
6,02445
8,02446
4,02451
2,02453
2,02458
6,02459
4,02460
2,02461
2,02462
4,02465
8,02467
10,02472
4,02474
4,02481
4,02482
4,02492
2,02534
2,02535
6,02536
2,02554
6,02632
2,02633
2,02703
2,02715
2,02760
2,02769
6,02780
4,02806
2,02812
2,02813
2,02817
4,02818
2,02831
2,02832
2,02835
2,02837
4,02840
4,02842
2,02860
4,02864
2,02871
2,02879
6,02889
4,02891
2,02892
2,02904
4,02906
2,02908
2,02914
4,02915
6,02919
2,02921
4,03031
2,03038
2,03053
2,03054
4,03060
4,03062
2,03070
2,03079
2,03087
2,03102
2,03103
6,03110
2,03224
4,03229
4,03231
4,03233
2,03256
2,03264
2,03275
2,03278
4,03287
10,03290
2,03303
2,03431
2,03446
2,03449
2,03458
2,03583
2,03608
2,03777
6,03801
2,03814
4,03820
2,03840
2,03848
6,03855
2,03856
4,03857
2,03858
4,03870
2,03885
2,03901
2,03906
2,03908
4,04011
2,04021
2,04046
2,04062
2,04071
2,04074
2,04077
4,04092
2,04096
4,04101
6,04106
6,04107
6,04210
2,04240
2,04260
2,04349
2,04419
2,04421
2,04429
4,04472
2,04473
2,04517-000
4,04530
2,04548
2,04609
4,04736
2,04843
2,04915
2,04956
2,04982
2,05030
4,05075
2,05201
4,05250
2,05255
2,05345
6,05403
2,05446
4,05452
2,05454
2,05455
2,05468
4,05477
2,05482
2,05491
6,05495
4,05602
2,05647
2,05658
2,05663
4,05667
2,05672
2,05748
2,05761
2,05828
2,05846
2,05851
4,06001
4,06010
2,06013
2,06019
2,06032
4,06033
6,06035
2,06037
4,06040
2,06043
2,06062
2,06071
4,06073
4,06078
2,06084
2,06085
2,06092
2,06095
8,06107
8,06109
2,06110
6,06117
2,06119
2,0612
2,06226
4,06234
2,06239
2,06248
2,06268
4,06340
2,06357
2,06365
8,06371
2,06377
4,06382
2,06401
4,06405
6,06410
4,06415
4,06416
2,06417
4,06422
4,06440
2,06443
2,06450
2,06451
2,06460
2,06461
2,06469
2,06473
2,06475
4,06478
4,06480
6,06484
6,06489
2,06492
4,06511
4,06512
2,06514
2,06515
2,06516
6,06517
2,06518
2,06519
2,06606
2,06611
4,06612
10,06614
2,06752
2,06756
2,06759
6,06762
8,06776
4,06777
2,06795
4,06798
2,06801
2,06810
4,06811
12,06820
12,06824
4,06830
2,06831
16,06840
6,06851
4,06853
4,06854
2,06870
6,06877
2,06878
16,06880
4,06883
2,06890
2,06896
2,06897
8,06902
6,06903
6,06905
2,06907
2,07002
2,07004
4,07005
4,07006
4,07016
2,07020
2,07021
4,07024
2,07027
2,07028
18,07030
2,07031
2,07035
6,07039
4,07040
6,07042
4,07043
2,07044
4,07046
4,07054
2,07059
4,07065
2,07066
2,07068
2,07070
2,07076
2,07078
6,07080
4,07081
2,07086
4,07087
2,07092
2,07093
2,07095
2,07104
2,07109
14,07302
2,07304
2,07307
2,07401
4,07405
4,07419
2,07422
2,07423
2,07435
2,07436
2,07446
8,07450
4,07456
2,07470
2,07474
2,07480
2,07481
6,07506
2,07508
2,07512
2,07628
6,07631
2,07640
2,07645
4,07646
2,07648
2,07649
2,07650
2,07652
2,07661
4,07663
2,0767
8,07675
2,07677
2,07701
4,07712
2,07719
4,07722
2,07726
4,07728
2,07733
2,07735
4,07739
4,07740
4,07746
2,07747
2,07748
4,07753
2,07756
2,07757
6,07762
2,0778
2,07821
4,07830
2,07832
2,07840
4,07860
2,07885
4,07901
8,07920
8,07921
2,07922
2,07924
2,07927
4,07928
4,07930
10,07931
2,07936
2,07950
6,07960
2,08003
2,08005
8,08010
2,08021
2,08029
2,08036
2,08037
2,08043
4,08053
4,08054
2,08060
2,08061
2,08062
2,08077
2,08081
2,08083
4,08087
2,08089
2,08094
4,08098
2,08107
2,08108
2,08109
4,08204
4,08205
2,08322
2,08361
2,08505
2,08515
2,08520
2,08527
2,08530
4,08534
10,08540
4,08550
2,08558
2,08559
4,08560
2,08618
2,08620
4,08690
2,08691
2,08701
4,08722
8,08724
2,08731
4,08736
10,08758
4,08805
2,08807
2,08809
4,08816
2,08822
2,08826
2,08833
4,08844
2,08848
2,08857
2,08865
8,08873
4,08886
2,08889
2,09053
2,09107
2,0911
6,09128
2,0924
2,09469
2,09845
2,100
4,1000
2,10000
10,10001
28,10003
4,10004
8,10005
8,10007
2,10008
4,10009
8,10010
18,10011
12,10012
2,100125
12,10013
16,10014
22,10016
4,10017
4,10018
18,10019
16,10021
10,10022
26,10023
26,10024
24,10025
4,10026
8,10027
22,10028
6,10031
2,10032
2,10033
2,10034
8,10036
6,10038
2,1004
8,10040
2,10044
4,1006
8,10065
2,10069
10,10075
2,1011
2,10115
4,10118
2,10119
2,10122
4,10126
14,10128
2,10129
2,10169
2,1017DH
2,1026
6,10280
6,10282
6,10305
2,10312
2,10405
2,10437
2,10439
2,10462
6,10463
4,10464
4,10465
2,10469
2,10502
6,10506
4,10510
10,10514
2,10516
4,10520
2,10528
2,10532
4,10533
4,10538
4,10541
6,10543
2,10546
2,10548
4,10552
4,10562
2,10570
4,10573
4,10576
4,10577
2,10579
4,10580
12,10583
4,10590
6,10591
8,10598
2,10607
2,10614
2,10616
4,10701
2,10705
2,10706
10,10708
2,1071
4,1080
2,10801
10,10803
2,1081
2,10827
2,1085
2,10912
2,1091BA
2,1092 TG
4,10927
2,10950
2,10954
8,10960
2,10970
4,10974
4,10992
6,110
2,11001
2,11004
4,11010
2,11024
8,11030
4,11040
6,11050
2,1108
2,11101
4,11102
4,11103
10,11105
2,11106
2,11109
2,11111
2,111111
24,11201
6,11205
2,11206
10,11209
12,11211
10,11215
8,11216
12,11217
4,11220
2,11221
10,11222
4,11225
2,11226
2,11228
2,11229
2,1123
8,11231
18,11238
2,11243
14,11249
2,11355
2,11364
2,11372
2,11374
4,11375
2,11378
4,11379
2,11385
2,11427
2,11432
2,11435
2,11510
2,11516
2,11523
4,11530
2,11542
2,11550
2,11557
2,11560
8,11561
2,11563
2,11565
2,11566
4,11570
2,11571
4,11579
6,1158
2,11581
2,11596
2,11694
2,1170
6,11702
4,11704
2,11705
4,11706
2,11709
2,1171
2,11710
4,11714
4,11720
2,11721
4,11730
2,11731
4,11740
2,11741
6,11743
4,11746
2,11747
2,11754
2,11756
2,11757
4,11758
2,117593
2,11762
2,11767
4,11768
4,11769
4,11771
2,11772
4,11779
2,11780
2,11784
2,11788
2,11790
4,11792
2,11793
4,11795
2,11797
2,11801
2,11804
8,11901
2,11912
2,11930
2,119334
2,11937
2,11940
2,11947
4,11953
2,11960
2,11963
2,11964
2,11968
2,11971
2,11972
4,12020
2,12029
2,12047
6,12054
2,1210
4,12112
2,12118
2,1212
2,121248
4,12138
4,12151
2,12158
2,12165
2,12180
2,12189
2,12196
2,12208
2,12209
4,12210
4,12211
2,1227
4,12304
2,12306
6,12309
2,1231 NB 
8,12345
2,12401
2,12404
2,12414
2,12465
2,12472
2,12498
4,12521
4,12524
6,1253
2,12533
2,12549
4,12561
2,12572
2,1259
2,12601
6,12603
4,12776
4,12780
2,12804
4,12831
2,12846
2,12862
4,12918
2,129188
2,12937
2,12945190
2,12953
2,12972
2,12989
2,13000
2,13021
2,13045
4,13070110
2,13074
2,13087601
2,13158
2,13202
2,13205
2,13208
4,13214
2,13350
2,13365
2,13440
2,1349
2,1350
4,13501
2,13502
2,13516
2,13519
2,1353
2,13603
2,13612
2,13619
2,1362
2,13624
2,13625
2,13651
2,13662
2,1369
2,13700
6,13760
2,1382GJ
6,13850
2,13901
6,13903
2,14031
2,14032
2,14042
2,14052
2,14068
4,14072
6,14075
2,14086
2,14094
2,14105
2,14109
4,14127
4,14134
2,1414
2,14174
2,14216
4,14217
4,14221
4,14222
8,14223
4,14226
2,1430
2,14300
2,14304
2,14414
2,14441
4,14450
2,14466
2,14467
4,14469
2,14482
2,14519
4,14522
2,14530
6,14534
4,1455
4,14551
2,14564
6,14580
2,14589
2,14602
2,14607
4,14610
2,14612
4,14615
2,14616
2,14618
6,14620
2,14624
2,14625
4,14626
2,14701
4,14845
18,14850
2,14867
4,14883
2,14903
2,14905
2,15
4,15001
2,15009
2,1501
2,15010
2,15044
2,15065
2,15090
10,15101
2,15116
2,15126
2,15136
6,15143
2,15144
2,15145
2,15147
2,15201
2,15202
4,15203
6,15206
2,15207
4,15211
8,15212
4,15214
10,15215
6,15216
4,15217
2,15221
8,15222
2,15226
2,15228
2,15232
2,15234
8,15235
2,15236
16,15237
6,15238
2,15239
6,15243
2,15317
2,15360
2,1540001
6,15401
2,15417
2,15431
2,1550
2,15522
2,15601
2,1561
2,15642
2,15644
2,15650
2,15870
2,15905
4,15963
2,160000
2,16018310
2,16045
2,16046
10,16052
10,16066
2,16127
2,16150
2,1618
4,16229
2,16232
2,16335
2,16502
6,16505
6,16509
6,16601
2,16648
6,16652
2,16675
2,168
2,16801
4,16823
2,16828
2,16830
2,169588
10,17011
2,17019
2,17042
2,17050
4,17055
2,17064
2,17067
2,17070
2,17100
2,17109
4,17112
2,1718
2,1720
2,17202
2,17319
2,17325
2,17331
2,17345
4,17347
2,17349
2,17356
2,17360
2,17361
2,17368
2,17406
2,17503
2,17522
4,17532
4,17543
2,17545
2,17547
2,17551
2,17584
2,176
2,17601
2,17602
2,17603
2,17834
2,17837
4,17866
2,18
2,1800
2,18013
4,18015
2,18017
4,18018
2,18036
2,18041
2,18045
2,18049
2,18052
2,18055
2,18064
6,18067
2,18070
4,18103
2,18106
2,18141
2,18328
2,18330
2,18335
2,18360
2,18411
2,18419
2,18444
2,18492
2,18504
2,18610
2,18612
2,18643
2,18657
4,18660
2,18701
4,18708
2,1874
2,18801
2,18828
2,18840
4,18902
2,18920
2,18929
4,18938
4,18940
2,18944
2,18954
2,18960
2,18964
2,18974
2,18976
4,19001
4,19004
2,19006
2,19010
2,19012
2,19026
8,19027
4,19035
8,19038
4,19050
2,19054
2,19055
2,19066
4,19067
2,19072
2,19073
2,19075
2,19081
2,19083
2,19086
12,19087
2,1909
2,19090
4,19096
6,19103
4,19104
4,19106
2,19115
4,19118
4,19119
4,19122
6,19124
4,19125
2,19128
8,19129
2,19130
2,19137
2,19143
4,19144
8,19146
12,19147
2,19148
2,19301
2,19311
4,19320
2,19333
12,19335
2,19342
4,19343
2,19348
2,19350
2,19352
4,19355
4,19380
6,19382
2,19401
8,19403
2,19421
4,19422
2,19425
6,19426
6,19428
2,19438
2,19442
2,19446
12,19460
2,19462
2,19468
2,19475
2,19506
4,19508
2,19522
2,19533
2,19539
2,19540
2,19606
2,19607
4,19610
2,19707
2,19711
2,19713
2,19714
4,19720
2,19801
8,19802
6,19803
2,19805
6,19806
4,19807
2,19808
8,19810
2,19901
2,19936
14,19958
2,19966
2,19967
8,19968
6,19971
4,19977
8,2000
14,20001
18,20002
10,20003
2,200031
4,20004
12,20005
16,20007
8,20008
28,20009
2,2001
4,20010
12,20011
4,20012
8,20015
14,20016
2,20017
2,20019
6,20024
2,20032
8,20036
6,20037
22,20105
4,20110
4,20115
2,20117
12,20120
8,20121
2,20123
6,20124
2,20131
8,20132
2,20141
14,20147
10,20148
2,20152
2,20155
2,20164
6,20165
2,20166
4,20169
10,20170
4,20171
6,20175
10,20176
2,2018
6,20180
4,20181
2,20186
4,20187
2,20188
4,20189
2,20190
18,20191
2,20198
4,2021
2,2025
2,2026
2,2030
2,2031
2,2034
2,2038
2,2039
2,20459
4,2046090
2,2050
2,2059
2,20602
2,20637
2,20646
2,20657
2,20675
2,20688
2,20692
6,20715
2,20721
6,20723
2,20724
2,20732
4,20735
6,20736
4,2074
2,20740
2,20751
4,20759
2,20770
4,20777
2,20782
2,20814
8,20815
2,20816
14,20817
2,2083
2,20832
2,20833
6,20850
4,20851
10,20852
2,20853
16,20854
4,20855
2,20860
2,20871
4,20872
2,20874
2,20876
8,20877
12,20878
2,20879
2,2088
8,20882
10,20895
6,20901
6,20902
6,20903
4,20904
6,20906
16,20910
6,20912
2,210
2,2100
6,21012
2,21013
2,21015
2,21029
4,21030
2,21035
4,21037
6,21042
6,21043
10,21044
4,21045
2,21046
2,21050
2,21053
2,21060
4,21074
2,21078
4,21084
4,21093
2,21108
2,2111
4,21113
4,21114
6,21117
8,21122
2,21128
8,21131
2,21136
2,21141
2,21146
4,21152
6,21157
2,21158
4,21163
4,21202
4,21204
2,21206
2,21208
2,21209
2,21210
6,21212
4,21214
2,21217
4,21218
4,21220
2,21221
6,21224
2,21227
10,21228
10,21230
2,21231
2,21234
2,21236
2,21244
12,21286
2,2140000
4,21401
6,21403
4,21409
2,2146
4,2147
2,21502
2,2158
2,21600
6,21601
4,21613
4,21620
2,21629
2,21660
2,21666
8,21702
2,21727
2,21738
2,21740
4,21742
2,21754
2,21770
6,21771
8,21784
4,21797
2,21875
2,21901
2,21915
2,2192
2,21921
2,2200
6,22003
4,22015
2,22025
2,22026
10,22030
2,22031
2,22032
6,22033
8,22041
4,22042
16,22043
6,22044
4,22046
2,22060
4,22066
4,22079
12,22101
4,22102
4,22124
2,22152
4,22153
2,22180
2,22181
4,22182
4,22191
6,22192
2,22194
2,22195
18,22201
6,22202
6,22203
6,22204
8,22205
8,22206
6,22207
6,22209
2,22210050
2,2224
14,22301
6,22302
6,22303
12,22304
4,22306
2,22307
2,22309
6,22310
4,22311
4,22312
16,22314
6,22315
6,22405
4,22406
8,22408
2,22473
2,22485
2,2250
2,22503
2,22508
2,22539
4,22551
4,22553
6,22554
6,22556
2,2257
6,2259
2,2260
10,22602
2,22603
2,2263
2,22630
2,22630-360
2,22656
2,22701
2,22709
2,22737
4,22765
6,22801
2,22802
4,22815
10,22902
18,22903
4,22911
2,22931
2,22938
2,22940
2,22969
2,22971
4,2300
2,23002
2,23005
6,2304
6,23059
2,23063
2,23102
2,23111
2,23112
6,23113
4,23120
2,23129
4,23139
2,2315
2,23153
10,23185
4,23188
2,23219
8,23220
6,23221
2,23222
2,23223
4,23225
4,23226
8,23227
6,23228
2,23230
6,23231
4,23233
2,23255
4,2330
2,23314
2,2331SP
2,23320
2,23321
4,23322
2,23323
2,23324
2,23336
2,23356
2,2341PK
2,23430
4,23434
10,23435
4,23451
8,23454
4,23456
14,23462
4,23464
4,23503
2,23505
4,23507
2,23513
2,23518
2,23602
2,23604
2,23605
2,23606
2,2365
2,23661
6,23664
4,23693
2,23696
2,2370
2,23831
6,23832
2,2394ad
2,24014
2,24015
6,24018
2,24060
4,24064
2,24066
2,24124
4,24141
6,24153
2,24179
4,24210
2,24266
4,2428
4,24340140
4,24354
2,2440
6,24401
2,24437
4,24450
2,24467
2,24529
2,24550
2,24551
2,2480
4,249081
2,25-130
2,2500
2,2512GM
6,2515
2,2526
2,25302
2,25425
2,25427
2,25443
2,25444
2,2567
6,25701
2,25705
4,2577
6,25801
2,2582
2,26003
2,26022
4,2614
2,2624LB
2,26330
2,26374
2,26505
2,26507
6,26508
2,26554
2,26572
2,27006
6,27012
6,27040
2,27041
2,27103
80,27104
10,27106
6,27127
4,27140
2,27215
2,27239
2,27243
2,27249
2,27253
2,27262
2,27263
2,27265
26,27278
2,27282
2,27284
2,273-0012
4,27302
8,27312
2,27317
6,27332
2,2734
2,27371
2,27401
4,27403
4,27407
4,27408
12,27410
2,27455
2,27501
10,27502
4,27503
4,27506
6,27510
12,27511
14,27513
22,27514
34,27516
22,27517
8,27518
20,27519
6,27520
2,27523
2,27524
2,27525
2,27526
4,27527
6,27529
18,27539
8,27540
4,27541
2,27542
2,27545
8,27560
6,27562
2,27572
2,2758
4,27581
14,27587
4,27596
2,27597
2,2760
8,27601
18,27603
8,27604
2,27605
32,27606
12,27607
16,27608
18,27609
2,27610
14,27612
22,27613
14,27614
22,27615
10,27616
22,27617
72,27701
6,27702
8,27703
4,27704
54,27705
44,27707
8,27708
8,27712
22,27713
2,2773
2,2774
4,27803
2,27857
2,27858
2,27896
2,2790-021
2,27909
2,27943
4,2800
2,28006
2,28012
10,28025
14,28027
6,28031
6,28036
2,28042
2,28043
2,28045
2,28054
2,28075
2,28078
2,28104
6,28105
2,28112
2,28144
2,28173
2,28174
2,2820
2,28202
4,28203
10,28205
4,28207
2,28208
2,28209
6,28210
4,28211
2,28212
6,28213
2,28215
2,28216
10,28226
6,28227
6,28269
14,28270
2,28273
10,28277
2,28278
4,28303
2,28307
2,28310
4,2831AG
2,28320
2,28327
2,28329
4,28348
12,28374
10,28387
2,28401
2,28403
4,28409
2,28412
2,28428
2,28443
2,28451
8,28461
2,28462
2,28512
2,28516
6,28540
4,28546
2,28571
2,28590
2,28601
2,28604
2,28607
2,28613
2,28677
2,28679
2,28690
2,28702
2,28709
4,28711
2,28713
6,28715
2,28717
2,28723
2,28730
2,28732
10,28734
4,28739
4,28741
2,28774
2,28776
2,28779
4,28786
14,28787
2,28790
4,28791
6,28803
8,28804
6,28805
4,28806
2,28935
2,29036
2,2906
2,29063
2,29128
2,2914
2,29148
2,29170
2,2920
12,29205
2,29206
2,29223
4,29229
4,29301
28,29303
4,29316
4,29322
2,29325
4,29356
2,29401
2,29403
6,29406
10,29407
6,29412
2,29413
6,29414
2,29440
4,29450
10,29455
2,29458
26,29464
4,29485
6,29501
2,29505
4,29532
2,29566
2,29568
2,29569
2,29572
2,29576
4,29582
2,29585
2,29588
2,2960
2,29604
4,29605
8,29607
6,29609
4,29615
4,29625
2,29630
2,29631
4,29642
2,29649
4,29650
4,29651
2,29671
2,29676
2,29680
2,29681
4,29687
10,29707
4,29708
2,29714
2,29715
4,29732
2,29803
2,2990
2,29906
2,29907
6,29909
8,29910
4,29926
2,29928
2,3000
14,30004
4,30005
8,30009
2,300092
2,30019
8,30022
2,30024
6,30030
4,30032
6,30033
2,30039
2,30040
6,30041
2,30043
4,30044
6,30052
4,30060
6,30062
2,30064
4,30066
14,30067
8,30068
2,3007
2,30071
6,30075
8,30076
2,30078
2,30079
2,30082
2,30084
2,30087
4,30092
2,30093
2,30096
2,30097
2,30101
6,30102
6,30114
2,30117
2,30122
4,30127
4,30135
4,30139
2,3014
2,30144
8,3015
2,30152
2,30157
2,30161
4,30179
2,3018
4,30184
4,30188
4,30189
2,30204
4,30206
4,30213
8,30215
2,30223
4,3023
2,30233
2,30238
2,30240
2,30248
2,30263
2,30269
14,30305
4,30306
2,30307
10,30308
8,30309
4,30312
10,30316
4,30317
8,30318
4,30319
4,3032
2,30322
2,30324
2,30326
8,30327
10,30328
4,30329
8,30338
2,30339
2,30340
2,30342
12,30345
2,30350
4,30360
2,3039
2,3041
2,3043
2,30461
2,30506
4,30507
4,30514
2,30523
4,30533
2,30534
2,3056
2,30570-700
6,30605
8,30606
4,30621
4,30656
6,30677
2,30680
6,3070
4,30705
2,3072
2,30720
2,30740
2,30741
6,30809
2,30830
2,31005
2,3101
2,310206
2,31030
2,3107
2,31088
2,3110
2,3116000
4,31204
2,31260-060
2,3127
2,31311
4,31322
8,31324
2,3135
4,3136
2,3140
2,31401
2,31405
2,3141
6,31410
2,31411
2,3147
2,3150
2,31503
8,31522
2,31602
2,31605
2,3162
2,31629
4,31636
4,31811
4,31820
2,3185
2,31904
2,31905
2,31909
2,3195
10,32003
2,32004
2,32024
6,32034
2,32043
4,32055
2,32056
2,32064
2,32073
2,32080
4,32082
2,32084
2,32092
2,32119
4,32128
2,32129
2,32130
2,32132
2,32137
2,32141
6,3216
8,32162
2,32168
2,32169
4,32174
2,3220
6,32205
4,32207
2,32210
4,32223
6,32224
8,32225
2,32226
6,32233
4,32246
2,32256
4,32257
2,32259
2,3226
4,32277
4,32301
4,32303
8,32308
6,32311
12,32312
2,32327
2,32405
2,32408
4,32439
2,32461
2,32502
6,32503
4,32504
2,32505
4,32506
2,32507
2,32514
2,32533
2,32534
2,32536
2,32539
2,32540
6,32541
2,32544
2,32547
2,32550
14,32566
2,32571
2,32578
8,32579
4,32605
2,32609
2,32653
2,32668
2,32707
2,32726
2,32730
6,32746
10,32751
10,32765
2,32771
2,32773
2,32776
2,32779
4,32780
8,32789
2,32790
2,32792
2,32796
8,32801
2,32802
8,32803
8,32804
2,32806
2,32810
2,32814
4,32817
2,32818
2,32819
10,32821
2,32827
6,32828
2,32832
2,32833
4,32835
2,32837
2,32901
2,32903
2,32904
2,32907
2,32927
2,32934
8,32937
4,32940
2,32948
2,32950
2,32955
4,32958
2,32960
2,32963
2,32966
6,3300
2,33004
2,33014
2,33019
2,33020
6,33021
2,33023
2,33024
2,33027
2,33029
2,33032
4,33040
6,33050
2,33062
2,33063
4,33064
4,33067
4,33070
2,33073
6,33076
2,33122
2,33129
2,33130
4,33131
8,33133
4,33134
2,33137
10,33139
2,33141
4,33143
2,33146
2,33149
2,33154
2,33155
10,33156
4,33157
4,33160
4,33161
2,33165
2,33172
4,33173
2,33176
4,33178
2,33180
2,33186
2,33196
6,33301
6,33305
2,33308
10,33312
2,33314
4,33317
4,33322
2,33323
6,33324
2,33325
2,33326
4,33327
2,33331
2,33332
2,33334
2,33355
2,3340
2,33401
2,33402
2,33407
4,33408
6,33410
2,33411
2,33412
2,33414
12,33418
2,33429
4,33431
2,33433
10,33435
2,33436
4,33441
2,33442
2,33444
4,33445
4,33449
6,33455
4,33458
2,33460
2,33461
2,33462
2,33467
2,33470
2,33473
10,33477
4,33478
4,33483
2,33484
4,33486
4,3350
2,33500
2,33548
4,33556
2,33559
2,33569
2,33570
2,33572
4,33602
6,33604
4,33606
2,33607
2,33609
8,33610
8,33611
2,33612
6,33613
2,33616
4,33617
2,33618
4,33624
2,33625
8,33629
16,33647
4,33694
6,33701
2,33703
8,33704
2,33705
4,33707
2,33710
2,33713
2,33714
2,33715
2,33716
2,33756
4,33759
2,33762
4,33764
2,33771
2,33777
2,33778
2,33801
4,33803
2,33811
6,33813
2,33823
2,33837
2,33860
6,33881
2,33882
4,33904
2,33905
2,33912
4,33913
2,33917
6,33928
2,33936
4,33950
2,33955
6,33967
2,33982
2,33993
2,34011
8,34103
2,34104
2,34108
4,34109
6,34110
2,34112
8,34119
2,34120
10,34134
2,34135
2,34136
4,34140
2,34141
4,34201
4,34202
2,34205
2,34211
2,34219
2,34223
2,34229
2,34232
2,34234
4,34235
2,34236
4,34238
4,34239
2,34241
4,34243
4,34287
2,34292
2,34295
2,34380
2,34414
2,34442
2,34470
2,34473
4,34474
4,34604
2,34606
2,34609
2,34613
4,34639
4,34655
2,34667
4,34669
2,34683
2,34688
10,34698
2,34711
2,34714
2,34737
2,34747
2,34761
2,34771
2,34786
6,34787
2,34953
2,34956
2,34958
4,34983
6,34984
2,34986
2,34990
8,34997
2,3500
2,35004
2,35007
4,35094
2,35121
2,35179
2,35205
8,35209
2,35216
4,35242
2,3530
2,35405
2,3544 KC
4,35476
2,3550
2,35646
2,35662
2,35674
2,35758
2,35760
2,35763
6,35801
2,35803
2,358459
6,35906
2,35976
2,3600
2,36037
2,36104
2,36106
4,36116
2,36203
2,36303
2,36375
2,36527
4,36532
2,36561
2,36602
2,36604
4,36609
2,36695
2,36801
2,36832
2,37001
4,37013
12,37027
4,37034
2,37040
18,37067
2,37069
2,3707 GD
2,37072
6,37075
2,37076
2,37078
2,37087
2,37122
2,37127
10,37128
2,3713
2,37135
2,37138
2,37174
4,37203
14,37204
16,37205
6,37206
2,37209
4,37211
2,37212
10,37215
8,37216
2,37217
4,37221
2,37311
6,37312
2,37327
2,37334
2,37363
2,37371
2,37403
2,37405
2,37411
2,37416
2,3742
4,37421
2,37520
2,3759
2,37604
6,37620
2,37643
2,37659
2,37663
2,37725
2,37743
2,37745
2,37763
2,37774
2,37801
4,37804
2,37830
4,3788
2,37912
2,37918
4,37919
2,37920
8,37922
2,37923
4,37931
2,37934
2,37940
2,38012
4,38016
6,38017
2,3804
2,38068
6,38103
4,38104
4,38111
6,38112
2,38116
4,38119
2,38120
2,38122
2,38125
2,38133
2,38135
8,38139
2,38173
2,38183
2,38257
2,38261
2,38305
2,3850
2,38570
2,38646
4,38654
4,38655
2,38671
6,3875
2,38851
2,38965
2,3900
4,39042
2,3905
2,39180
2,39206
2,39236
2,3930
2,39301
2,39503
2,39507
2,39520
2,39531
2,39532
6,39563
2,3977
2,40004
2,400050
4,400053
2,40014
2,400434
2,4005
4,40059
2,4006
2,40066
2,40076
2,40108
2,4011
6,4012
2,40121
6,40205
4,40206
6,40207
2,40215
10,40222
4,40241
2,40242
2,40272
2,40291
8,40299
2,4030000
2,40356
2,4045002
4,40476
8,40502
4,40503
2,40504
8,40509
6,40511
4,40515
2,40517
2,4054
2,4059
2,4080004
2,4082005
2,41008
2,4101
4,41011
10,41017
4,4103
2,4104
2,41042
2,4105
2,41075
2,4120
2,4121
4,4122
2,4125
2,4152
2,4171
2,41721
2,4179
2,4180
4,42001
2,42040
2,42048
2,4210
2,42104
2,4212
2,4215
2,42240
2,42301
2,4240
2,42602
2,4275
8,43015
2,43016
6,43017
2,43022
2,43023
2,43026
2,43050
6,43054
4,43061
4,43062
4,43064
6,43065
10,43068
2,43074
2,43078
2,43081
2,43082
6,43085
2,4311
2,43110
2,4312
4,43123
2,43140
2,43147
2,4318
2,43201
2,43202
2,43204
4,43206
6,43209
2,43212
2,43213
16,43214
6,43215
2,43219
4,43220
6,43221
4,43229
4,43230
12,43235
4,43302
2,43357
2,43402
2,43410
4,4350
2,43515
4,4352
2,43532
2,43537
6,43551
4,43558
4,43560
6,43571
2,43614
2,43623
2,43701
2,43749
2,44001
4,44012
2,44023
4,44024
2,44030
6,44035
4,44039
2,44040
2,44053
6,44060
2,44065
4,44077
4,44089
2,44092
4,44095
2,4410
2,44102
6,44106
4,44107
2,44111
2,44112
2,44113
8,44118
4,44121
6,44122
2,44124
2,44126
2,44131
2,44133
6,44135
2,44136
4,44138
2,44139
2,44141
2,44145
2,44147
10,44149
2,44201
4,44203
2,44216
4,44221
2,44224
6,44236
8,44256
2,44262
4,44281
4,44303
2,44310
4,44313
2,44319
2,44321
2,44355
2,44446
2,44563
2,4460-070
2,44641
2,44646
2,44677
8,44691
2,4470
2,44706
2,44721
6,4480
2,44833
4,44839
2,44844
2,44857
2,44903
2,45005
2,45011
4,45013
2,45039
12,45040
4,45044
4,4505
2,45066
4,45068
6,45069
2,45103
6,45122
2,45128
2,45140
4,45150
2,45159
2,45177
4,45202
6,45208
6,45209
4,45211
2,45215
4,45220
4,45226
4,45227
2,45229
2,45231
2,45233
4,45236
2,45238
2,45241
2,45242
10,45243
6,45244
2,45245
2,45246
4,45249
2,45255
2,45308
4,45315
2,45318
2,45320
2,45342
2,45372
6,45373
2,45414
2,45419
2,45423
4,45429
2,45433
4,45440
2,45459
2,45505
2,45527
2,4562
2,45648
2,45694
2,45745
2,45750
2,45806
2,45840
2,45845
2,45993
2,4600
2,46017
6,46032
6,46033
8,46038
6,46060
2,46062
2,46068
6,46074
6,46077
2,46112
6,46123
2,46168
4,46176
2,46181
2,46201
4,46202
2,46203
2,46205
2,46216
2,46217
8,46220
4,46224
2,46226
2,46228
2,46234
2,46236
2,46237
2,46240
4,46250
2,46254
2,46256
2,46259
2,46260
4,46278
2,46304
8,46307
2,46321
2,4633000
2,46342
2,46361
2,46373
2,46375
4,46383
6,46385
2,46403
2,46514
2,46516
2,46528
2,46530
2,46552
2,466311
2,46732
2,46737
2,4680
2,46804
2,46818
2,46835
2,46845
4,4700
2,470717
2,47150
2,47201
8,47203
2,47304
2,47374
2,4740
12,47401
2,47408
6,47421
2,47522
2,47589
4,47715
4,47802
2,47906
2,47909
2,47920
2,48007
6,48009
2,48017
8,48025
2,48030
2,48038
2,48041
2,48042
2,48043
6,48044
2,48059
2,48067
4,48070
2,48071
6,48073
2,48084
2,48093
8,48098
2,48101
16,48103
4,48104
10,48105
4,48108
4,48111
2,48114
6,48116
4,48118
2,48123
2,48124
4,48130
2,4814
2,48150
4,48154
2,48158
2,48160
2,48162
2,48167
2,48170
2,48178
2,4818
2,48182
2,48186
2,48189
6,48197
2,48198
2,48202
2,48208
2,48214
2,48216
6,48220
4,48236
2,48237
2,48239
4,48301
4,48304
2,48306
12,48307
8,48309
2,48310
6,48312
6,48314
2,48316
2,48317
2,48322
2,48324
2,48327
2,48328
6,48329
2,48334
4,48336
2,48348
2,48359
2,48367
2,48374
2,48377
4,48390
2,48393
2,48439
2,48442
4,48444
2,48446
2,48451
2,48462
2,48476
2,485
2,48622
4,48623
6,48640
6,48642
2,48647
2,48651
2,48657
2,48661
2,48683
2,48706
2,48726
2,48734
4,48738
2,48770
4,48808
2,48823
4,48842
2,48843
2,48858
2,48879
2,48895
2,489
2,48912
4,49006
4,49008
4,49009
6,49014
2,49061
2,49076
2,49083
2,49085
2,49117
8,49127
2,49203
2,49221
2,49230
2,49251
2,49286
2,49304
2,49306
2,49315
4,49341
2,49346
6,49401
2,49403
2,49412
2,49417
2,49418
2,49423
2,49428
2,49460
2,49461
8,49503
6,49504
4,49505
8,49506
4,49546
2,49548
2,49622
2,49685
6,49686
2,49721
2,49755
4,49766
2,49774
4,49781
4,49783
2,49855
2,49874
2,49885
2,49958
2,50009
4,50010
2,50013
8,50014
2,50021
2,50023
6,5010
2,50108
2,50112
2,5013
4,50131
2,50138
2,50171
2,50211
4,50212
2,50219
2,50265
2,50266
4,50309
2,5031
4,50310
6,50311
4,50312
2,50321
6,50325
2,50327
2,5034
2,50410
2,50588
2,50595
2,50630
2,50701
2,5073
2,5096
2,5100
4,510000
2,51008
2,51023
2,51054
2,5136
6,5171
4,5189
6,52001
2,520124
2,5211
2,5214
2,52160
2,52240
2,52317
4,52328
6,52341
4,52402
2,52404
2,52411
2,5250
2,5252642
2,52556
2,52632
2,52641
2,52722
6,52732
2,5280
2,52804
4,53005
4,53017
2,53024
2,53027
2,53029
2,53032
4,53033
2,53051
2,53058
4,53072
2,53081
2,53086
2,53097
4,53132
2,53149
4,53154
2,53168
2,53182
2,53188
2,53190
6,53202
4,53207
2,53208
2,53209
4,53211
4,53212
10,53213
2,53214
2,53217
2,53219
2,53221
2,53223
4,53224
6,53228
4,53300
2,53402
2,53403
2,53404
16,53515
4,53520
2,53528
2,53536
2,53545
2,53548
2,5355
2,53558
2,53559
4,53562
4,53566
2,53575
4,53589
4,53590
6,53593
2,53625
2,53703
4,53704
8,53711
2,53713
2,53715
2,53716
10,53718
2,53719
2,53726
2,53804
2,54
4,54016
2,54022
2,54130
2,54143
2,54166
2,54180
2,54216
2,54234
2,54235
2,54241
2,54248
2,54313
4,5442050
2,54457
4,54481
2,54482
2,54501
2,54512
2,545571
2,54562
2,54610
2,54624
2,54629
2,54636
2,54641
4,54650
2,54661
2,54669
4,54701
2,54703
2,54767
2,54853
4,54870
2,54888
2,54902
2,54904
2,54911
2,54914
2,54915
2,54935
2,54942
2,54956
2,55008
2,55011
2,55016
2,55032
6,55038
2,55040
4,55042
4,55044
2,55052
2,550525
2,55074
2,55082
2,55101
2,55102
4,55103
4,55105
2,55106
8,55108
4,55112
8,55113
8,55116
8,55117
8,55118
8,55122
4,55123
2,55124
4,55125
2,55126
4,55129
2,55302
6,55304
8,55313
2,55328
2,55330
4,55331
8,55337
4,55345
2,55346
4,55347
2,55359
4,55364
2,55371
2,55372
4,55378
2,55387
2,55391
4,55401
2,55403
6,55404
8,55406
2,55407
2,55408
6,55410
4,55413
4,55414
6,55416
2,55417
4,55418
6,55419
2,55422
6,55423
12,55426
2,55428
4,55433
2,55434
4,55436
2,55437
6,55441
2,55442
4,55446
2,55447
2,55804
2,55805
4,55901
2,55902
4,55904
2,55973
2,55976
2,55987
4,560
2,560078
4,560103
4,56071
2,56164
2,56172
2,56258
2,56308
2,56401
2,56468
2,56540
4,56560
2,566
2,56649
2,56723
2,5700
2,57006
2,57012
4,57104
2,57370
2,57382
2,574
2,57480
4,57701
2,57702
2,578
2,58017
2,58102
2,58103
2,58104
6,58201
2,58503
2,58675
2,58703
4,59047
2,59066285
2,59101
6,59105
2,59401
2,59404
4,59474
2,5953
6,59601
2,59634
2,59635
4,59714
12,59715
2,59716
4,59718
2,59729
2,59741
4,59801
2,59802
6,59840
2,59859
2,59911
2,600
4,6000
2,60002
4,60004
2,60005
2,600051
2,60010
2,60014
6,60015
2,60016
2,60020
6,60022
4,60025
2,6003
6,60030
4,60031
6,60035
2,60040
2,60042
2,60043
8,60045
2,60047
4,60048
2,60050
2,60061
6,60062
6,60067
4,60068
4,60069
2,60070
4,60076
2,60077
4,6008
2,60083
2,60090
8,60091
10,60093
2,60096
2,6010
4,60101
8,60102
4,60110
4,60115
2,60124
2,60133
6,60134
2,60137
2,60142
2,60148
2,60151
2,60152
4,60174
2,60175
2,6018
4,60181
4,60187
4,60188
2,60190
4,60193
4,60194
10,60201
4,60202
4,60220
2,6030
2,60301
4,60302
4,60304
2,60305
2,60329
4,6040
2,60402
2,60411
2,60415
2,60416
2,60425
2,60430
2,60431
2,60442
2,60447
2,60448
2,60450
2,60451
4,60452
2,60462
2,60463
2,60465
2,60477
2,60487
2,60489
2,60491
4,6050
2,60502
2,60504
2,60510
2,60513
2,60514
2,60515
2,60516
6,60521
2,60526
2,6053
2,60532
8,60540
2,60542
2,60546
2,60554
2,60555
2,60558
2,60559
2,60561
6,60563
6,60564
4,60565
2,6059
2,60599
4,60601
6,60605
8,60607
2,60608
14,60610
4,60611
4,60612
16,60613
36,60614
6,60615
12,60618
8,60622
2,60625
10,60626
2,60629
4,60630
2,60631
2,60634
4,60637
2,60638
18,60640
2,60641
10,60642
12,60647
2,6065
2,60653
24,60654
2,60655
20,60657
2,60659
2,6066
14,60660
6,60661
2,6069
6,60707
2,6076
2,610
2,61032
6,6105
2,61061
2,6107
8,61072
2,61108
2,61109
2,61115
2,61231
4,61264
2,61350
2,61415
4,61455
2,6147
6,61525
2,6153
2,61554
2,6158
2,6159
2,61601
2,61604
2,61606
4,61615
2,61616
4,6163
2,6164
4,61701
4,61702
2,61704
2,61727
2,61761
2,61801
2,61802
2,61821
4,61822
6,61853
2,61872
2,61874
2,61884
2,61938
2,62-090
4,62025
2,62026
2,6210
2,6212AN
4,62223
2,62236
2,62269
2,6229
6,6230
2,62305
4,6232
4,6250
2,62521
2,62546
2,6255NE
4,626
2,62613
2,62650
2,62656
6,62661
2,627
2,62702
2,62703
2,62704
2,62711
2,6280
2,6281
4,62814
2,62863
2,629
2,62901
2,62948
8,63011
2,63017
2,63021
4,63026
2,63033
2,63043
2,63049
2,63052
2,63069
8,63104
6,63105
2,63108
6,63109
2,63110
4,63112
2,63116
2,63117
2,63118
2,63119
10,63122
6,63123
2,63124
2,63125
6,63128
6,63129
2,63130
2,63131
2,63132
2,63136
2,63137
16,63139
2,63141
2,632
2,63303
2,63349
6,63366
6,63376
2,63701
2,63703
4,64000
2,64015
2,64034
2,64054
2,64081
2,64083
2,64108
2,64111
2,64112
6,64113
4,64114
2,64117
4,64119
2,64133
2,64151
6,64152
2,64155
2,64295
2,64505
2,64506
2,64507
12,6500
4,65101
2,65109
6,65202
8,65203
2,6524VG
2,6525BX
2,6527727
2,6540
2,65560
2,656
2,65681
4,65714
4,65804
2,6596
2,6600
2,66027
2,66044
8,66047
2,66048
4,66049
8,66061
14,66062
2,66071
4,66083
4,66085
2,66100
2,66111
6,66202
4,66204
4,66205
2,66208
4,66209
2,66212
2,66218
2,66219
2,66401
2,66441
8,66502
8,66503
2,6653
2,66604
2,66609
4,66614
2,66701
2,66739
2,66749
2,66833
2,67010
2,67026
2,67110
2,6720
2,67205
4,67218
2,67227
4,67230
2,67235
4,67401
2,67410
4,6743
2,67432
2,67456
2,67460
2,67705
2,6792
4,68
2,68005
2,68022
2,68025
2,68046
2,68064
2,68104
2,68105
8,68106
2,68111
2,68114
4,68116
4,68123
6,68128
2,68130
2,68131
2,68132
2,68135
2,68142
4,68164
2,68347
2,6850
8,68502
2,68507
6,68510
2,68516
2,68521
2,68523
2,68528
2,68723
2,68799
2,68827
2,69046
2,69226
2,6927328
2,69300
2,69404
2,69624
2,70003
2,70020
2,70032
2,70039
2,70056
2,70062
2,7010
4,7011
16,70115
8,70117
12,70118
4,70119
4,70124
6,70130
2,70200
4,70380
4,70403
2,70420
2,70435
2,70437
2,70445
4,70447
2,70452
2,70461
2,70503
2,70508
2,70518
4,70563
2,70607
2,70643
4,70726
2,70791
2,70806
6,70809
4,70810
2,710
4,71047
2,71106
2,7120
2,71351
2,71423
6,71909
2,71913
4,7195
2,72015
2,72034
2,72042
2,72058
2,72113
2,7212
2,72135
2,72201
2,72202
2,72206
6,72207
2,72212
4,72223
6,72401
2,7250
2,72554
2,72631
4,72632
2,72701
4,72703
2,72704
4,72712
2,72714
2,72756
2,72762
2,7277
2,728
2,72802
2,72901
2,72908
2,72956
4,73012
16,73013
4,73034
4,73052
4,73068
2,73071
4,73072
2,73086
2,73096
8,73099
2,73102
2,73103
2,73104
2,73106
4,73107
2,73111
10,73112
4,73116
2,73118
4,73120
2,73121
2,73131
4,73133
2,73134
2,73135
2,73142
2,73156
2,73160
8,73162
2,73170
2,7322
2,73401
6,73505
2,73659
2,73703
2,7400
2,74008
2,74012
4,74017
2,74023
4,74037
2,74055
2,74063
2,74073
8,74074
2,74075
2,74103
2,74120
2,74133
2,74134
6,74135
2,74136
4,7441
6,74429
4,74454
2,74501
2,747
2,74728
2,74801
2,74804
4,75001
2,75002
6,75006
2,75007
2,75009
2,75013
4,75016
2,75018
12,75022
10,75023
6,75024
10,75025
6,75028
2,75032
4,75033
8,75035
2,75043
2,75048
2,75050
2,75052
4,75056
2,75063
6,75067
2,75068
6,75070
4,75075
8,75077
6,75080
2,75081
2,75092
8,75093
2,75094
2,75098
2,75115
2,75116
2,75135
2,75144
6,75149
2,75154
2,75189
4,75202
2,75204
6,75205
8,75206
2,75208
4,75209
10,75214
6,75218
12,75219
2,75220
2,75223
4,75224
8,75225
2,75229
6,75230
4,75231
2,75243
2,75246
10,75248
4,75252
4,75287
2,754
2,75409
2,75462
2,75495
2,75554
2,75638
2,75642
2,75757
2,75901
4,75904
2,75949
2,75965
2,75980
2,7600
2,76001
2,76006
2,76011
2,76013
2,76014
2,76015
4,76016
6,76017
2,76028
2,76034
4,76049
8,76051
6,76053
2,76063
2,760647
2,76065
2,760805
2,760809
2,760867
8,76092
2,76101
2,76102
2,76104
2,76107
4,76110
4,76116
2,76126
4,76133
2,76140
2,76179
4,76182
2,7620
2,76201
2,76208
4,76210
2,76226
2,76234
6,76244
4,76262
2,763
2,76311
2,76370
2,76502
4,76513
2,76542
2,76574
2,7660153
2,7661132
2,76633
2,76657
10,76712
2,76903
2,76904
2,76941
2,7700
6,77004
6,77005
10,77006
14,77007
16,77008
6,77009
8,77018
4,77019
2,77023
6,77024
2,77025
8,77027
8,77030
2,77035
2,77036
4,77042
2,77043
2,77044
2,77046
6,77055
6,77056
4,77057
2,77063
2,77065
2,77066
2,77069
2,77070
2,77071
2,77073
2,77074
4,77077
2,77082
2,77089
2,77095
6,77096
4,77316
2,77320
2,77325
2,77339
8,77345
8,77346
4,77351
2,77354
4,77355
4,77365
2,77373
2,77375
6,77377
2,77378
8,77379
12,77381
14,77382
6,77385
8,77386
4,77388
4,77389
2,77393
4,77396
2,77406
2,77418
6,77429
2,77433
4,77449
6,77450
4,77457
2,77459
2,77478
4,77479
2,77493
2,77494
2,77498
2,775 0000
4,77511
4,77535
2,77536
2,77539
12,77546
2,77573
4,77583
14,77584
2,77586
2,77642
4,77706
4,77802
4,77808
4,77833
2,77840
2,77845
2,77856
2,77880
8,7800
2,78000
2,78015
2,78023
6,78028
2,78040
2,78043
2,78045
4,78108
2,78114
2,78120
2,78133
2,78148
4,78155
2,78202
4,78209
8,78217
2,78224
2,78228
2,78232
2,78240
4,78248
6,78249
2,78253
4,78254
4,78255
2,78257
4,78258
4,78259
2,78260
2,78336
2,78363
2,78412
2,78413
2,78414
6,78415
4,78418
6,78504
2,78520
2,78577
4,78602
2,78605
10,78613
2,78619
2,78621
2,78624
4,78626
6,78633
2,78634
2,78640
2,78645
10,78660
4,78665
4,78666
2,78669
6,78676
6,78681
4,78701
6,78702
20,78703
12,78704
2,78709
2,78715
2,78717
12,78723
6,78727
4,78729
2,78730
4,78731
2,78732
2,78733
6,78734
2,78736
8,78738
2,78739
2,78741
4,78744
16,78745
6,78746
4,78747
10,78748
8,78749
20,78750
2,78751
2,78752
2,78753
4,78754
6,78756
12,78757
2,78758
2,78759
2,78861
2,78940
2,790
6,79106
2,79111
2,79118
2,79342
2,79412
2,79413
4,79423
2,79424
2,79602
8,79701
2,79702
4,79705
2,79764
4,79902
4,79904
4,79912
2,79922
2,79934
2,79935
2,80-034
2,800
2,80000
2,80002
4,80004
4,80005
4,8001
2,80010
2,80011
2,80012
2,80013
8,80014
6,80015
2,80016
14,80020
10,80021
2,80022
2,80023
8,80026
6,80027
2,80031
4,80033
2,8004
2,80104
2,80106
2,80107
2,80108
2,80109
8,80111
6,80112
4,80113
2,80116
4,80120
2,80121
2,80122
2,80123
2,80124
10,80126
10,80127
12,80128
4,80129
2,8013
8,80132
10,80134
6,80138
2,80202
4,80203
2,80204
10,80205
10,80206
2,80207
2,80209
22,80210
8,80211
6,80212
4,80214
2,80215
2,80216
4,80218
12,80220
4,80222
2,80223
2,80226
14,80227
2,80228
2,80230
2,80233
4,80234
10,80237
4,80238
2,8024
4,80247
2,8025
4,80301
6,80302
14,80303
28,80304
2,80308
2,80339
10,80401
16,80403
2,80410070
2,80422
2,80430
8,80439
6,80465
2,80466
2,80487
2,80488
2,80498
8,80501
8,80503
2,80504
4,80516
2,80517
4,8052
8,80521
4,80524
6,80525
14,80526
2,80527
2,80528
2,80534
2,80537
2,80540
2,80542
2,80547
2,80602
2,80631
2,80634
2,80643
2,80644
4,80808
2,80813
2,8082
6,80827
2,80829
8,80864
6,80904
8,80906
4,80908
2,80911
4,80917
4,80918
4,80919
8,80922
4,80923
2,80962
2,81000
2,81007
2,81131
2,812
2,81201
2,81235
2,81236
2,81252
8,81301
2,81379
2,8140
2,81403
4,81501
2,81507
2,8157
8,81601
8,81611
8,81620
2,81621
4,81623
2,81625
2,81639
2,81652
2,8173
2,81827
6,82009
2,82070
4,82072
2,823172
2,82343
2,8240
2,82401
2,82414
2,8255kd
2,82635
2,82637
2,82801
2,8300
2,83001
4,83002
2,83083
2,8310
2,83128
2,83130
2,8320
2,83202
2,83204
4,83251
2,83328
6,83333
2,83340
2,83341
2,83350
4,83400
2,83404
4,83445
2,83455
2,83605
8,83616
2,8362
2,83634
6,83646
2,83687
18,83702
6,83703
2,83704
2,83705
8,83706
4,83709
2,83713
4,83716
6,83815
2,84004
2,84015
2,84036
4,84045
2,84060
2,84068
2,84075
4,84088
10,84093
4,84094
2,84095
2,84096
14,84098
8,84102
8,84103
4,84105
2,84108
10,84109
2,84111
2,84116
8,84121
2,84123
4,84124
2,84321
2,84325
2,84401
2,84405
2,84780
2,84790
2,85006
2,85008
2,85012
2,85013
2,85015
4,85016
2,85020
6,85021
6,85022
6,85024
2,85027
6,85028
4,85029
10,85032
6,85042
6,85044
4,85045
6,85048
2,85050
2,85069
2,85083
4,85086
2,85118
2,85119
2,85120
2,85122
2,85128
4,85138
2,85140
4,85143
6,85160
4,85202
4,85203
2,85205
4,85206
2,85207
4,85209
4,85210
2,85212
2,85226
6,85233
2,85248
4,85249
8,85250
4,85251
10,85253
10,85254
6,85255
6,85257
4,85259
10,85260
2,85262
8,85266
2,85268
4,85281
6,85282
6,85283
2,85284
2,85286
6,85296
6,85303
4,85304
2,85308
2,85327
2,85335
2,85338
2,85340
2,85353
2,85365
4,85374
2,85382
2,85385
6,85392
2,85551
2,85614
4,85615
2,85622
4,85635
2,85636
2,85641
2,85646
2,85650
2,85658
4,85704
2,85710
10,85711
4,85712
4,85715
8,85716
12,85718
8,85719
2,85730
6,85737
4,85739
2,85743
4,85745
6,85748
10,85749
10,85750
2,85755
2,86002
2,8606
2,86301
38,86303
6,86305
2,86312
4,86314
2,86323
2,86326
2,86327
2,86336
6,86351
2,86403
2,86426
2,86504
2,87008
2,87031
2,87043
2,87047
2,87048
8,87059
2,8706
2,87068
2,87102
6,87104
4,87106
2,87107
4,87108
2,87109
2,87110
18,87111
8,87112
4,87120
8,87122
6,87123
2,874
2,87410
2,87413
2,8750
6,87501
4,87505
2,87506
2,87507
6,87508
2,87540
2,87544
2,87575
4,87701
4,87901
4,88001
2,88007
2,88062-200
4,88065
2,88101
2,88317
2,89002
4,89005
2,89011
2,89012
2,89014
2,89015
2,89032
2,89041
2,89052
4,89074
2,89084
4,89101
2,8910278
2,89103
2,89109
2,89119
4,89123
2,89130
4,89131
2,89134
2,89135
2,89138
2,89142
2,89143
2,89145
2,89148
4,89149
2,89156
2,8916
6,89406
2,89408
4,89413
2,89423
2,89431
4,89433
2,89436
2,89444
2,89449
2,89451
6,89502
6,89503
2,89506
8,89508
6,89509
12,89511
2,89521
6,89523
2,8954
4,89701
2,89815
2,89828
8,90004
2,90005
4,90012
2,90014
2,90015
2,90016
2,90017
2,90019
2,90020
8,90024
10,90025
10,90026
12,90027
4,90029
2,90031
8,90034
12,90036
16,90039
2,90041
2,90042
2,90043
4,90045
28,90046
2,90048
16,90049
2,90051
6,90064
10,90065
4,90066
2,90067
16,90068
16,90069
2,90071
2,90077
4,9010
2,9013
4,90160240
2,9018
10,90210
10,90211
8,90212
2,90230
2,90230260
10,90232
2,90240
2,90242
2,90247
10,90265
16,90266
4,90272
12,90274
12,90277
14,90278
6,90290
14,90291
14,90292
2,90293
2,90401
4,90402
6,90403
8,90404
12,90405
8,90503
2,90504
4,90638
2,90704
12,90720
6,90731
2,90740
4,90755
14,90803
2,90804
2,90806
8,90807
6,90808
2,90810
4,90813
2,90814
4,90815
10,91001
2,91006
2,91011
2,91016
2,91020
8,91030
2,91041
4,91042
6,91101
4,91104
4,91105
4,91106
2,91201
2,91203
2,91204
2,91205
4,91207
6,91208
2,91214
2,9127
18,91301
4,91302
2,91303
8,91307
6,91311
2,91316
8,91320
6,91321
2,91324
2,91325
2,91326
4,91335
4,91354
4,91355
2,91356
2,91361
6,91364
8,91367
2,91377
4,91387
6,91403
2,91405
10,91406
2,91411
4,91423
2,91436
4,91501
4,91502
4,91505
2,91602
4,91604
6,91606
4,91607
2,91701
2,91702
4,91711
2,91723
6,91730
2,91737
2,91748
2,91750
2,91755
2,91764
4,91770
2,91775
2,91776
8,91786
2,91789
2,91791
2,91800
2,91801
2,919
2,91901
2,91902
2,91908
2,91910
2,91913
2,91921
2,91931
8,91941
10,91942
4,91945
4,92003
2,92007
6,92008
14,92009
4,92010
2,92011
4,92014
8,92019
4,92020
2,92021
22,92024
4,92025
10,92026
2,92027
2,92028
6,92037
2,92038
2,92040
2,92046
4,92054
6,92056
10,92057
2,92058
2,92059
20,92064
4,92065
8,92067
16,92071
4,92072
4,92075
10,92078
10,92081
8,92084
2,92091
2,92092
12,92101
4,92102
12,92103
4,92104
4,92105
10,92106
34,92107
8,92109
4,92110
6,92111
8,92115
8,92116
10,92117
2,92118
2,92119
4,92120
10,92122
4,92123
4,92124
8,92126
2,92127
8,92128
8,92129
28,92130
6,92131
4,92143
2,92163
2,922008
10,92211
2,92220
2,92223
2,92232
2,92247
2,92253
2,92260
2,92262
2,92263
4,92270
2,92307
2,92320
4,92373
2,92374
4,92503
2,92504
4,92506
2,92516
6,92545
2,92549
8,92562
2,92586
2,92590
6,92592
2,92593
2,92595
2,92602
6,92603
4,92606
2,92610
8,92612
6,92618
2,92620
2,92625
4,92626
4,92627
6,92629
2,92637
6,92646
4,92647
2,92648
8,92649
2,92651
4,92653
10,92656
4,92657
8,92660
4,92663
12,92672
4,92673
6,92675
8,92677
2,92683
2,92688
6,92691
4,92692
4,92694
2,92701
2,92705
2,92707
2,92708
4,92780
4,92782
2,92806
2,92807
2,92821
2,92831
4,92835
2,92865
6,92867
2,92869
2,92870
4,92880
4,92881
10,92886
14,93003
6,93010
12,93012
4,93013
4,93021
12,93023
6,93035
4,93036
6,93041
4,9305
6,93063
6,93065
8,93103
10,93105
2,93108
4,93110
2,93117
2,93150
2,93162
2,9320
2,93225
8,93230
2,93243
2,93257
4,93291
2,93292
2,9330
4,93308
4,93309
2,93311
2,93312
4,93401
6,93402
2,93405
2,93420
6,93422
2,93428
2,93443
8,93444
2,93446
2,93447
2,93452
4,93458
2,93463
2,93534
4,93536
6,93546
4,93549
2,93550
10,93561
2,93562
2,93611
2,93619
2,93637
2,93643
4,93654
2,93710
6,93711
2,93720
2,93722
2,93726
2,93730
6,93907
4,93908
4,93923
6,93924
10,93940
4,93953
8,93955
2,9400
6,94002
6,94010
2,94011
2,94014
6,94015
2,94018
4,94022
4,94024
20,94025
6,94027
10,94040
4,94041
2,94043
2,94044
12,94061
12,94062
2,94063
4,94070
2,94080
2,94086
2,94087
4,94089
2,94102
2,94103
24,94107
10,94109
20,94110
2,94112
20,94114
6,94115
6,94116
14,94117
10,94118
16,94121
2,94122
12,94123
8,94127
4,94129
16,94131
4,94132
4,94133
2,94134
4,94158
4,94301
2,94303
2,94304
10,94306
2,94402
8,94403
2,94404
8,94501
4,94502
2,94503
4,94505
8,94506
4,94507
12,94510
4,94515
2,94518
4,94519
2,94520
6,94521
8,94523
4,94526
4,94528
4,94530
2,94531
4,94534
8,94536
2,94538
4,94539
2,94542
4,94544
2,94545
2,94546
2,94547
12,94549
10,94550
8,94551
4,94553
2,94555
2,94556
8,94558
4,94559
2,94560
6,94563
4,94564
2,94565
4,94566
8,94568
2,94571
2,94574
2,94577
2,94580
4,94582
8,94583
2,94585
2,94588
2,94590
2,94591
2,94595
2,94596
12,94597
6,94598
2,94599
16,94602
2,94605
2,94606
6,94607
4,94608
6,94609
4,94610
18,94611
6,94618
8,94619
2,94702
10,94703
2,94704
6,94705
10,94706
4,94707
2,94708
2,94709
12,94901
12,94903
12,94904
4,94920
2,94925
6,94928
4,94930
4,94939
18,94941
2,94947
6,94949
2,94951
16,94952
4,94954
2,94955
4,94960
2,94963
8,94965
2,94966
2,94970
10,95003
4,95005
12,95008
4,95010
12,95014
2,95018
2,95020
6,95023
6,95030
6,95032
4,95033
4,95037
2,95046
2,95050
8,95051
2,95060
6,95062
4,95065
4,95070
2,95076
4,95110
4,95112
2,95113
2,95116
4,95119
2,95120
2,95123
4,95124
8,95125
2,95128
2,95132
4,95134
6,95136
2,95138
2,95212
2,95227
4,95236
4,95354
2,95355
2,95356
4,95361
4,95366
2,95383
10,95401
8,95403
10,95404
2,95405
8,95407
4,95409
2,95425
2,95436
4,95437
2,95442
6,95448
4,95457
4,95460
2,95465
2,95470
8,95472
10,95476
4,95482
6,95492
2,95501
2,95503
2,95519
2,95536
2,95540
2,95570
2,95602
2,95603
2,95605
10,95608
2,95610
10,95616
6,95618
6,95620
8,95621
2,95624
2,95628
6,95630
2,95633
6,95648
4,95650
2,95677
4,95678
6,95682
2,95688
4,95691
2,95692
2,95694
8,95695
2,95722
2,95746
2,95747
12,95762
2,95765
2,95811
4,95816
10,95818
6,95819
2,95831
2,95833
2,95834
4,95835
4,95843
2,95864
8,95926
2,95945
2,95949
4,95959
2,95965
6,96001
2,96002
2,96003
4,96022
2,96067
4,96073
2,96104
2,96107
2,96141
2,96145
2,96151
4,96161
4,96205
4,96310
2,96367
2,96377
2,96704
2,96706
4,96707
2,96713
2,96718
2,96727
18,96734
2,96738
2,96740
4,96744
4,96746
2,96749
6,96753
2,96768
2,96778
4,96779
8,96789
6,96797
2,96808
2,96813
2,96814
2,96815
4,96816
2,96817
4,96821
2,96822
6,96825
2,96929
2,97003
8,97006
6,97007
4,97008
2,97019
4,97031
6,97034
6,97035
4,97045
2,97051
4,97062
6,97068
4,97070
2,97103
2,97109
2,97116
2,97123
2,97124
6,97128
2,97131
2,97140
2,97144
8,97201
6,97202
10,97203
10,97206
6,97209
4,97210
4,97211
14,97212
4,97214
10,97215
6,97217
6,97219
2,97220
4,97221
6,97223
4,97224
2,97225
18,97229
2,97232
4,97233
2,97236
12,97239
2,97267
2,97303
2,97306
4,97324
2,97327
6,97330
2,97333
2,97370
2,97381
2,97386
2,97401
2,97402
12,97405
2,97408
6,97415
2,97420
2,97423
2,97446
4,97459
2,97479
2,97496
2,97498
2,97501
4,97504
8,97520
2,97538
2,97632
10,97701
10,97702
2,97708
2,97741
6,97759
2,97833
2,97836
2,97838
2,97844
2,97850
4,98001
8,98004
6,98005
4,98006
2,98007
6,98008
4,98011
6,98012
8,98019
6,98021
4,98023
6,98027
6,98028
2,98029
2,98032
16,98033
8,98034
2,98036
2,98037
10,98038
4,98039
8,98040
4,98042
12,98045
2,98046
14,98052
2,98055
2,98056
6,98058
4,98065
2,98070
18,98072
2,98073
12,98074
4,98075
6,98077
4,98087
8,98101
16,98102
20,98103
6,98104
6,98105
10,98106
4,98107
8,98108
8,98109
10,98110
10,98112
12,98115
4,98116
6,98117
18,98118
6,98119
8,98121
14,98122
6,98125
4,98133
6,98136
2,98146
2,98155
6,98177
4,98178
2,98198
14,98199
2,98201
4,98203
2,98221
14,98225
6,98226
2,98229
2,98236
6,98250
2,98252
4,98260
8,98274
2,98290
4,98296
4,98311
2,98328
2,98329
2,98335
6,98342
2,98362
2,98368
10,98370
6,98372
6,98374
4,98382
4,98392
2,98404
6,98406
4,98407
2,98409
2,98444
4,98466
2,98501
6,98502
2,98506
2,98512
4,98513
4,98516
2,98532
2,98561
2,98580
2,98584
4,98607
2,98632
2,98635
2,98642
2,98660
2,98664
2,98665
2,98682
4,98683
2,98684
6,98685
2,9880
4,98801
2,98816
2,98841
2,98847
6,98901
2,98903
2,98908
4,98926
2,98937
2,98941
2,99004
2,99109
4,99163
2,99203
2,99204
2,99206
2,99208
2,99218
2,99301
2,99324
2,99353
2,99361
2,99362
4,9950
4,99501
2,99502
6,99507
2,99509
2,99516
2,99518
2,99567
6,99577
2,99587
2,99611
2,99645
2,99676
2,99705
6,99709
2,99712
2,99752
2,99775
2,99824
2,99928
2,A0k
4,A1B
2,A1E
2,A1L
6,A2A
2,AB
2,AB15 9HB
4,AD400
2,Ab228fr
2,B0K
2,B15 2HR
2,B2V
2,B3B
2,B3L
2,B3M
2,B3P
2,B3T
6,B3V
8,B90 1HD
2,BA1 2SA
4,BH25 5JA
2,BI
2,BL3 1AS
2,BN1 3FF
2,BN27 2JJ
2,BN27 3LF
6,BN27 4QU
2,BN3 3EB
2,BR1 2BF
2,BR8 7PR
2,BS200HZ
2,BS3 4TL
2,BT38 8DF
2,Ba2 5nz
2,Berlin
2,C1004AAN
2,C1244AAK
2,CB25 0HB
2,CB6 1FL
2,CB6 3QB
2,CF11 6HU
2,CF38 1RX
2,CF83 8EP
2,CM21 9HA
2,CO DUBLIN
2,CO7 9SZ
2,CT11 7EP
2,CT11 7RW
4,CT7 0JA
2,CV4 9NT
2,CW7 2LR
6,Cf62 3hg
2,Ch444dr
2,Cm158JT
2,Cm3 6LJ
4,DD11 2BU
2,DE127JD
2,DH5 0HX
2,DK-2450
2,Dn37 9sa
4,E17 9PA
4,E3A
2,E3B
2,EC1R 0BJ
2,EE15235
2,EH11 2ES
2,EH27 8AX
2,EH7 6HL
2,EX33 1DZ
2,Eire
2,En5 5pu
2,F30000
2,FLBX
4,FY3 8FJ
2,FY8 1DP
2,G0L
2,G12 9HL
2,G13 2TL
2,G1k
2,G2b
4,G61 4HJ
2,G72 9PG
2,GL7 1UG
4,GU12 6NH
2,GU17 9DX
2,GU29 0NQ
2,GU29 9QZ
2,GU299LQ
2,GU35 8DQ
2,GU51 1ES
4,Gl2 7hw
2,Gu47hn
2,H1T
2,H2M
2,H2S
2,H2T
4,H2V
2,H3E
4,H3H
2,H3K
2,H3L
2,H4B
2,H4E
2,H4G
4,H4H
2,HG3 4HQ
2,HMAX
2,HP1 1TA
2,HU5 3HR
2,IM9 6TA
2,Italy
2,J0G
8,J0L
2,J0R
6,J0T
10,J0X
2,J0Z
2,J1Z
2,J3N
2,J3V
2,J4Y
2,J5R
2,J5Z
2,J6R
2,J7P
2,J7T
2,J7V
2,J8E
2,J9B
2,K0E
2,K0L
4,K0M
2,K0k
2,K1C
4,K1H
2,K1J
4,K1L
2,K1N
4,K1V
2,K1Y
2,K1Z
2,K1s
4,K2E
2,K2J
2,K2K
2,K2L
2,K2M
4,K2a
2,K2s
2,K6V
4,K7C
4,K7P
4,K8A
2,K9V
2,KT2 7HS
2,KY1-1209
2,Kildare
2,L0B
2,L0C
2,L0E
2,L0G
2,L0K
4,L0S
4,L1C
2,L1G
4,L1K
2,L1M
2,L1N
2,L1p
2,L2V
6,L3M
2,L3P
2,L3S
4,L3T
6,L3V
2,L3X
2,L3x
8,L4A
4,L4C
2,L4H
2,L4J
6,L4N
4,L4P
2,L5B
2,L5H
2,L5K
2,L5R
2,L5W
2,L5e
2,L5j
2,L5n
4,L6A
2,L6J
2,L6M
2,L6T
2,L6Y
2,L6y
2,L7C
4,L7J
2,L7S
2,L9G
2,L9H
2,L9W
2,L9Y
2,LE167EL
2,LS10 1EL
2,LS14
2,LV-1013
2,M16 7GG
2,M1L
4,M1N
2,M26 1AL
2,M27 6NP
2,M2J
2,M2K
2,M2L
2,M2P
4,M3A
2,M3B
6,M3H
6,M46 9ER
8,M4E
2,M4G
4,M4J
2,M4L
4,M4M
2,M4N
2,M4P
2,M4V
4,M4W
2,M4X
6,M4Y
2,M4e
2,M4v
2,M5A
2,M5B
2,M5M
2,M5N
2,M5P
2,M5S
4,M5V
2,M5a
2,M5b
2,M6E
2,M6G
2,M6H
2,M6J
2,M6K
2,M6P
2,M6R
2,M6S
2,M6g
2,M6s
2,M8V
2,M8W
4,M8Z
2,M9A
2,M9B
2,M9P
2,M9R
2,ME14 2QY
6,ME6 5FB
2,ME9 7NW
2,N
12790,N/A
2,N0A
2,N0B
2,N0C
2,N0G
8,N0L
2,N0R
2,N1 2EN
2,N1 7LZ
2,N10 3PN
2,N1E
4,N1H
2,N1S
2,N29DX
2,N2T
2,N2V
2,N3C
4,N3L
2,N3Y
2,N4 4EU
2,N4X
4,N5X
2,N6A
2,N6g
2,N6p
2,N7A
2,N7G
2,N7V
2,N8N
2,N8T
2,NE46 4NH
2,NE9 6SB
2,NG2 6BP
2,NG34 7LN
2,NN8 5XN
2,NW3 2PA
4,None
2,Np26 3jr
4,OX13 6ED
2,OX25 5PP
2,OX29 8JB
2,P0A
2,P1B
2,P3B
2,P7E
2,P7L
2,PA28 6DD
2,PE296GQ
2,PO4 8AL
2,Ph13 9jy
2,R0C
4,R0J
2,R1A
2,R2G
2,R2J
2,R2M
2,R2W
2,R3E
2,R3G
2,R3K
6,R3M
2,R3N
2,R3T
2,R3n
2,R3p
4,R8A
2,RG12 0XX
2,RH14DQ
2,S
8,S0G
2,S0H
4,S0k
2,S4R
2,S4V
2,S6H
2,S7J
2,S7K
4,S7M
2,S9 1BA
2,SA2  9JU
2,SE1 7DD
2,SG4 0AN
2,SG5 2TQ
4,SN10 5RU
2,SN14 0XW
2,SN25 4GT
2,SP3 6NY
2,SS14 2QX
2,SW148JX
2,SW2 3TL
2,SW65DL
2,SW84RJ
2,SW9 0RG
2,SY11 4PY
2,SY25QJ
2,T0A
2,T0K
2,T0L
2,T0M
4,T1A
6,T1H
4,T1J
2,T1L
2,T1P
2,T1S
2,T1V
6,T2A
2,T2C
4,T2G
4,T2J
2,T2N
2,T2S
4,T2T
2,T2W
2,T2Z
2,T2e
2,T2j
6,T3A
6,T3E
2,T3G
4,T3H
2,T3L
4,T3M
4,T3Z
2,T3h
6,T4C
2,T5C
6,T5E
2,T5G
4,T5H
2,T5P
2,T5W
2,T5Z
2,T6A
12,T6H
4,T6J
2,T6M
2,T6R
6,T6V
4,T6W
4,T6X
2,T6w
4,T7X
6,T8A
2,T8E
2,T8H
2,T8L
2,T8N
2,T8X
2,T8w
4,T9G
2,TD5 7PD
2,TN1 1TA
2,TN12 9DB
2,TR2 4SB
4,TS1 2SH
2,TS18 5AW
2,UB7 7PX
2,V0A
2,V0C
4,V0E
8,V0G
2,V0H
6,V0N
16,V0R
4,V1H
4,V1M
2,V1N
6,V2A
6,V2E
2,V2J
4,V2K
2,V2M
2,V2R
2,V2T
2,V2m
2,V3H
2,V3J
2,V3L
2,V3N
6,V3S
2,V3h
2,V4A
2,V4M
2,V4R
2,V4T
2,V4V
2,V4a
4,V4l
2,V5A
2,V5C
6,V5L
2,V5N
2,V5P
2,V5T
10,V5V
2,V5X
2,V5Z
2,V5e
2,V5t
6,V6B
4,V6G
8,V6K
2,V6N
2,V6R
2,V6Z
2,V6b
2,V7E
2,V7H
2,V7M
2,V7R
2,V7V
8,V8P
4,V8T
2,V8Z
2,V94VP62
4,V9A
4,V9K
8,V9M
6,V9N
6,V9T
2,V9c
2,W12 0LN
4,W1B 5NE
2,W1W7TA
2,W4 2SA
2,W8 5TT
2,WA5 1JE
4,X1a
0,Zip
2,b2w
2,b3z
2,cm23 5hw
2,co. cork
4,cr6 9tl
2,dE76GW
2,de23 2pj
2,dh1 5hr
2,g1k
2,g4r
2,k0g
2,k6k
2,k7m
2,l0G
2,l4j
2,l5v
2,lima 18
2,m1e
2,m4g
2,m4w
2,m4y
2,m55ga
2,m5p
2,m5t
2,m6j
2,m6k
2,m8v
2,m8w
2,m9n
2,m9w
2,n/a
2,n0b
2,n1a
2,n5x
2,none
2,nr9 4ae
2,p3b
4,p7b
2,rg2 9lp
2,s7h
2,st15 8hn
2,sw114aq
2,sy175ne
2,t0k
2,t1h
2,t2k
2,t2p
2,t2z
2,t6t
4,t9h
2,v0n
2,v1m
2,v1w
2,v3t
2,v4e
2,v5w
2,v8r
2,v9k
2,v9r
